-0.006054609800662237
-0.003781266189810562
-0.0016513923784044397
0.6955724249990608
0.9320148973578423
0.8537243575418374
1.0242677178468629
-0.007834133594596907
-0.0010187374407037947
0.8494712299547627
0.7538838145666161
0.6723915769244239
0.8295546957873738
0.00045624041458944454
0.8318357794006715
0.8567900761463416
0.670220228822484
0.6800522964085752
0.7742233691728583
0.7879765923546316
0.4624446212981773
1.170795855964359
-0.0015023370414262024
0.005045899272855514
0.012429072137680571
-0.006753880416931172
-0.0077878362245377575
-0.0003718602246212193
-0.0027590751503831865
0.0014382500913476901
0.004155059394093549
-0.003345988298617687
-0.011236526805188982
0.01209228327325078
-0.005706524728442649
-0.008211821119104528
0.007062155458805658
0.009386213361733833
-0.013279713220229122
-0.007078350616265561
-0.0026570139453363766
0.016993384254953302
-0.008490986026946902
-0.004517738690621127
-0.007560774459634277
0.009052912439540388
-0.006639640918370515
0.0016812506018524056
0.005653026645113736
0.004028895715110947
-0.0015732747115607278
2.8772322943127306e-05
-0.0032712480587958584
0.0038896999533190608
-0.0005608861704669449
0.0026861585045752723
0.007131464840688923
0.0018960760754157297
0.005615479802505487
0.006111296612524671
-0.0009835957919294574
0.0023044732407879673
-0.011594830474588175
0.0022010503249270848
0.004728304466362752
-0.0038163380850091463
-0.001073899287071228
-0.015992680990473938
0.006770456388842015
-0.009839404803127309
0.014580477301688452
-0.0042087670015107355
0.012675964198334708
-0.008482850548960507
0.007746354878804729
0.0038705654639697652
-0.002966798063959079
0.008370939109189367
1.808786147192696e-05
0.0019514590350095129
-0.004338381134680201
-0.0008808661928947925
-0.010709034106305327
0.012557574984023516
0.0034981927998179504
0.004083346525937687
0.0053789413371184685
-0.0030348644977420806
0.0019887866863980094
0.002047072105015138
-0.007145478130769797
-0.0018812601104817026
0.009541387790702837
0.002460746965550629
0.011775094001577476
0.01111370104780511
-0.007721188862321825
-0.003870912951798813
-0.0015371453414824428
0.001812842080920097
0.010737617834817945
0.006687250585654011
-0.0028304206467379325
0.0025804498491458824
-0.001115137795957121
-0.0013451554845195497
-0.6733468488797832
-0.6043294398307427
-1.4436220167207185
0.010368227780144623
-0.0117993079186065
-0.5209279651246279
-0.5456451290742526
0.5429718994216085
-0.10108544343652533
0.002414986858393983
-0.961732705058753
0.25872464095637615
-0.1397054677899937
0.007325533640637752
-0.6090161025061799
0.6061103851384411
-0.1333931353702091
0.130509688148708
0.007656536461696404
-0.008038190724869323
0.0022756835449719913
0.003220606345618709
-0.005956282065727505
-0.017838530704212267
-0.7822953041083505
-0.13808585928582143
-0.004908314736417516
0.028020805685080846
0.15071906836480287
-0.912618480807972
-0.41140344866460876
-0.1225964606061067
-0.016532567983982675
-0.31790734776977275
-0.0820827855054213
-0.1827925256773672
0.08924227313757617
0.4765651089383482
-0.5773507422569464
-0.014790763857378066
-0.17803707250821996
-0.0055601155868302944
0.01398361504551771
0.006072408118070924
-0.003659476725427742
-0.010185456893308615
-0.02644183645732619
-0.1703334731012637
-0.01456909633951495
-0.0067219744139581815
-0.38367895248506395
0.6990962739054517
-0.6113866941411146
-0.2159440262422991
0.01481006437950221
-0.22780140320529269
-0.47478481402037304
-0.4324552150726216
0.07932279390754512
0.3120989766319351
-0.44062100446806407
-0.21168690464438075
-0.2005315846200352
-0.011081795006990676
-0.007076826655802589
0.006425162145673086
-0.005611205575897802
-0.00534313258783123
0.006609328527489496
-0.0005068163595781082
-0.0017054554542203016
0.18207551819062154
-0.11781450465224667
-0.1889397969266776
-0.988939970359732
0.0034554222673749417
-0.19060235599816697
0.1832629435765234
-0.14786604054260755
-0.6223018019164495
-0.07959811847445185
-0.12921169382311046
-0.37026962261537005
-1.1070151260627976
-0.0033778500475122072
-0.0002525560820986841
0.0019992100950232314
0.004438180592249502
-0.009741431305979337
-0.009555630516513551
0.0038308702715306323
0.0041407756856404
-0.013281261917517722
0.006597479179872469
-0.013656450854865495
-0.003668454311555578
-0.0034374238711393093
0.019350599817478727
0.008384183649241735
0.0006454911395101883
-0.0018958582715493614
0.0010617667568987592
-0.005482053479719866
-0.0060143444501872
-0.00019235490769411502
0.0012154081321450899
-0.0056406566821255825
-0.0022329296964973227
-0.0038014199919051096
-0.0033352388312085975
-0.01714288984947631
-0.01097033675047954
0.0005769156442497542
-0.004589511400810046
-0.008217377048846853
-0.009138905396105701
-0.005089960133317312
-0.010148886157793276
7.002937182068927e-05
0.01139753117363831
0.005207549122050738
-0.008917035604022393
0.0001895381576045774
0.003964542752037459
0.002666540246800537
0.0018041305210343048
0.002971036416694773
-0.002756326117855019
0.0036028189981967525
-0.8763526327407416
-0.7574226001766189
-0.9450352605443137
-0.01614605451478389
-0.6032999272879123
0.12052818157344908
-0.08506562266725493
-0.4432402149173484
-0.6110476499040743
-0.41385568046085724
0.209116480487228
-0.09849144689961314
0.0055960505902460395
-0.00039802542659422824
0.001966148812460543
0.009136302365597688
0.018436606760833276
-0.0006127529569566024
-0.46093475628129565
-0.5533619952945296
-0.015012113940857885
0.16333945001418948
-0.9302523978339821
-0.5004242386747383
0.22357046439351375
0.18643898915321777
-0.3827533264624187
-0.37486112739636585
0.006131798796978303
0.009298279851619136
0.007637306378116062
0.012667195853140738
-0.0034479412441376744
0.0021557403318250967
-0.00041203604781310776
-0.4798717924417677
0.00672723337469726
0.6777903754616978
0.013899762798640547
-0.1245940085872006
0.37656804159205026
-0.7801446114048828
0.44195068331548454
-0.27514575204077396
0.06183415803372723
0.001235144053504379
-0.002955896514343721
-0.006150949054212531
-0.022284237384084277
0.013560093617709025
0.006737800643530426
0.004727267854584718
-0.6018338247131679
0.1636746061154996
0.017419640736565444
-0.6559452584146406
-0.04452375507496133
-0.3127829626945394
0.453484370905195
-0.527789655250805
9.679733791321632e-05
0.019782701486108164
-0.010467370394262708
0.001828123997141787
0.0010640576315331916
-0.0006871994770304169
-4.627968557761159e-05
0.00384676941124173
-0.0013638049583750357
-0.017938281444931113
-0.005919219299423313
0.0007142695043106564
0.003849883093053762
-0.002385999002214288
-0.0031041455073445956
-0.002091134238929329
0.010222773200732158
0.0012405432854098325
0.006083593186695082
-0.005027079566486674
-1.2134177030581683
-0.14984561409186054
-0.908132541330538
-0.7042065866151475
-0.6096058144739323
0.03284745951249325
0.15959536592364737
0.0019757729712972503
0.00786612290623548
-0.0062401276863219635
0.004668819761195671
0.008444684549655848
0.0030912430248580783
-0.5229930818653937
-0.2579461457805997
-0.1760830425450102
-0.8947643894275396
-0.0780621798921055
-0.06036397741539061
-0.00509280233680543
-0.0020449415305300997
-0.0023051501422751705
0.01682363110545453
0.004156264503166241
0.0009496608124380792
0.06117927415959791
0.10098150403259001
-0.4904711748447384
-0.2792576855479683
-0.09504535160162127
0.010078208168932512
-0.008307153451073735
0.0005027784541766391
-0.00013116754194098117
0.003000123039105922
0.007401924348578202
-0.049434143680195705
0.07812782742929254
-0.11728769318560857
-0.5290097237255893
-0.0007949888793034904
0.006004214814161741
-0.008069358440164381
0.006414228537205395
0.005952974572681286
0.008636939062786158
-0.44632181030372337
-1.3479258000177157
-0.24199702371285056
0.0036537429228245986
-0.013750642196181351
0.0013224798205096224
-0.002846031271644436
-0.00042986957557946927
-0.0018940468180526219
-0.4803716952484395
-0.19254930164414552
0.00526607422328479
0.021647764971940257
0.019166967362124702
0.005005216267681454
0.0008885116867544411
-0.007042475718749385
-0.2962920314243686
0.00204180466019161
-0.007097179767229299
0.0011422788025163865
0.009173943544809606
0.004016800465031376
0.00016386637166055127
0.010372380341270169
0.0063994026077426455
-0.000902238986675931
0.0003094811324023745
0.0012010679101579767
-0.003482712474796297
-0.0037824834180017045
0.001351462192666205
0.0001904093243087004
0.003562699488407575
-0.0008464643955376183
0.009432232855479842
0.00047525433663255065
-0.007471112516938558
-0.0006425413918706826
0.003132608591505423
-0.001170792245868
-3.3396098333620316e-05
0.0044061170744452835
-0.0032862132059347827
-0.0016649939505543315
