0.0021913895495002584
-0.0004846007578100195
0.011593047833870773
-0.7853027775060712
-0.7628698169022007
-0.25796244430223536
-0.011492593933576602
-0.00032179238066766134
0.0028497422323156964
-0.7716043021721113
-0.27761044158656645
-0.26417547056122676
0.01144074172609541
0.00032367608441738146
-0.7846417123364022
-0.7644649851212707
-0.29235079303011424
-0.22346955665897733
-0.28300817080413343
-0.7811882636882804
-0.2521492568762442
0.009495260830871259
-5.261211598865984e-05
-0.0002259332543593193
0.0024519532740083848
0.0016627104884937528
-0.0032028088664015535
0.0021913895495002584
-0.0004846007578100195
0.011593047833870773
-0.7853027775060712
-0.7628698169022007
-0.25796244430223536
-0.011492593933576602
-0.00032179238066766134
0.0028497422323156964
-0.7716043021721113
-0.27761044158656645
-0.26417547056122676
0.01144074172609541
0.00032367608441738146
-0.7846417123364022
-0.7644649851212707
-0.29235079303011424
-0.22346955665897733
-0.28300817080413343
-0.7811882636882804
-0.2521492568762442
0.009495260830871259
-5.261211598865984e-05
-0.0002259332543593193
0.0024519532740083848
0.0016627104884937528
-0.0032028088664015535
0.0021913895495002584
-0.0004846007578100195
0.011593047833870773
-0.7853027775060712
-0.7628698169022007
-0.25796244430223536
-0.011492593933576602
-0.00032179238066766134
0.0028497422323156964
-0.7716043021721113
-0.27761044158656645
-0.26417547056122676
0.01144074172609541
0.00032367608441738146
-0.7846417123364022
-0.7644649851212707
-0.29235079303011424
-0.22346955665897733
-0.28300817080413343
-0.7811882636882804
-0.2521492568762442
0.009495260830871259
-5.261211598865984e-05
-0.0002259332543593193
0.0024519532740083848
0.0016627104884937528
-0.003202808866401531
