0.7849725205601038
-0.0013331944207332028
0.7849725205601038
0.4609958142028418
-0.0021960528580943694
0.001771581087944303
0.00686715452114548
0.9835543516254582
0.7738443299337714
-0.7384957318959885
0.00025149960596606495
0.0005258291941429464
0.003851513994014621
-0.00018019034242644809
-0.004912714657132982
0.00025149960596606495
0.001771581087944303
0.001436733116053955
0.02088228378899299
0.00025149960596606495
7.287639989288328e-05
0.0005500938304655394
0.0012601152715667103
-0.0008122413632934082
-0.8404342771810109
0.5202307320083251
-0.0013331944207332028
-0.004495726039183679
0.0006006339905581604
0.008595445880054457
0.003851513994014621
0.7738443299337714
-0.002654777639631986
0.0031691208750017365
-0.004278164995548174
0.008595445880054457
-0.004912714657132982
0.7849725205601038
0.06999790702524147
0.9835543516254582
-0.16826822807082195
0.4609958142028418
-0.00018019034242644809
0.7849725205601038
-0.0012057228459323006
1.1899259526201653
0.5202307320083251
-0.0008735791733007708
8.154681917041666e-05
0.8118625634432498
-0.05583386400391152
-0.0277478585335327
-0.00018019034242644809
0.7738443299337714
0.4019511613597732
1.1662089241547664
-0.0013331944207332028
-0.0026679926283501793
1.1662089241547664
0.004110841119972058
0.7849725205601038
-0.00018019034242644809
0.005643362692607804
-0.0003483354390804037
-0.03402546640775601
0.0008702943962218014
-0.0009361376165554873
0.9835543516254582
0.6169150715963588
0.6771838284050565
1.3752205628491363
-0.01494028118036038
-0.0002463578988441305
0.001771581087944303
-0.0008283824002718971
-0.00018019034242644809
1.1899259526201653
0.004021189631478056
0.8018809127546085
1.1046469913300674
-0.798090012099312
8.154681917041666e-05
0.8298598119030399
0.000596064939404098
-0.8382048749485901
-0.8001717104510935
0.00025149960596606495
0.6169150715963588
1.3752205628491363
0.003282982450281884
0.0010243627973510682
1.1046469913300674
0.001436733116053955
-0.00754364230818605
0.9835543516254582
0.001771581087944303
-0.042468818368005534
-0.004912714657132968
-0.004209863937987937
-0.004912714657132968
