-1.657026550931756
-1.657026550931756
-1.1515907370216216
-1.1515907370216216
-0.9698285219539483
-0.9698285219539483
-0.7501686932768233
-0.7501686932768233
-0.8995274149778618
-0.8995274149778618
-1.232028010784216
-1.232028010784216
-1.0874286611811734
-1.0874286611811734
-1.0345889835918523
-1.0345889835918523
-0.7420466006528637
-0.7420466006528637
-0.7631416363011656
-0.7631416363011656
-0.8545991184859509
-0.8545991184859509
-0.7119518111040579
-0.7119518111040579
-1.0499990418238738
-1.0499990418238738
-0.5116077226735739
-0.5116077226735739
-0.7226288113535265
-0.7226288113535265
-0.6533725138416644
-0.6533725138416644
0.5864313819369663
0.5864313819369663
-0.6149952173179761
-0.6149952173179761
-0.7834250155794792
-0.7834250155794792
-0.5823804819408418
-0.5823804819408418
-0.6863676256054062
-0.6863676256054062
-0.5988706684603827
-0.5988706684603827
-0.5451510638786021
-0.5451510638786021
-0.5647069514983034
-0.5647069514983034
-0.6282903824034328
-0.6282903824034328
-0.6361644395148842
-0.6361644395148842
-0.6440488999500681
-0.6440488999500681
-0.6551903097821643
-0.6551903097821643
-0.4943578197292516
-0.4943578197292516
-0.6134482304432202
-0.6134482304432202
0.6300983671916852
0.6300983671916852
-0.5123142686426253
-0.5123142686426253
-0.45933046015628753
-0.45933046015628753
-0.5480784159963775
-0.5480784159963775
-0.6837287773468577
-0.6837287773468577
-0.4727971740909424
-0.4727971740909424
-0.4234068988806713
-0.4234068988806713
-0.5339059359717492
-0.5339059359717492
-0.40253536509843324
-0.40253536509843324
-0.5675732751026556
-0.5675732751026556
-0.42541618471084275
-0.42541618471084275
-0.45704848018658883
-0.45704848018658883
-0.567296184935173
-0.567296184935173
-0.008647733649612886
-0.008647733649612886
-0.5472575471192767
-0.5472575471192767
0.5743728410448945
0.5743728410448945
0.4178349444547229
0.4178349444547229
-0.3467362236340928
-0.3467362236340928
-0.5158370353665112
-0.5158370353665112
-0.7269647854408906
-0.7269647854408906
